001 BULBASAUR 1115 118 111 128
002 IVYSAUR 1699 151 143 155
003 VENUSAUR 2720 198 189 190
004 CHARMANDER 980 116 93 118
005 CHARMELEON 1653 158 126 151
006 CHARIZARD 2889 223 173 186
007 SQUIRTLE 946 94 121 127
008 WARTORTLE 1488 126 155 153
009 BLASTOISE 2466 171 207 188
010 CATERPIE 437 55 55 128
011 METAPOD 450 45 80 137
012 BUTTERFREE 1827 167 137 155
013 WEEDLE 456 63 50 120
014 KAKUNA 432 46 75 128
015 BEEDRILL 1846 169 130 163
016 PIDGEY 680 85 73 120
017 PIDGEOTTO 1194 117 105 160
018 PIDGEOT 2129 166 154 195
019 RATTATA 734 103 70 102
020 RATICATE 1730 161 139 146
021 SPEAROW 798 112 60 120
022 FEAROW 1997 182 133 163
023 EKANS 927 110 97 111
024 ARBOK 1921 167 153 155
025 PIKACHU 938 112 96 111
026 RAICHU 2182 193 151 155
027 SANDSHREW 1261 126 120 137
028 SANDSLASH 2374 182 175 181
029 NIDORAN F 816 86 89 146
030 NIDORINA 1309 117 120 172
031 NIDOQUEEN 2488 180 173 207
032 NIDORAN M 860 105 76 130
033 NIDORINO 1393 137 111 156
034 NIDOKING 2567 204 156 191
035 CLE 1155 107 108 172
036 CLEFABLE 2437 178 162 216
037 VULPIX 883 96 109 116
038 NINETALES 2279 169 190 177
039 JIGGLYPUFF 724 80 41 251
040 WIGGLYTUFF 1926 156 90 295
041 ZUBAT 667 83 73 120
042 GOLBAT 1976 161 150 181
043 ODDISH 1228 131 112 128
044 GLOOM 1681 153 136 155
045 VILEPLUME 2559 202 167 181
046 PARAS 1018 121 99 111
047 PARASECT 1859 165 146 155
048 VENONAT 1004 100 100 155
049 VENOMOTH 2082 179 143 172
050 DIGLETT 676 109 78 67
051 DUGTRIO 1557 167 134 111
052 MEOWTH 748 92 78 120
053 PERSIAN 1689 150 136 163
054 PSYDUCK 1106 122 95 137
055 GOLDUCK 2450 191 162 190
056 MANKEY 1164 148 82 120
057 PRIMEAPE 2288 207 138 163
058 GROWLITHE 1243 136 93 146
059 ARCANINE 3029 227 166 207
060 POLIWAG 829 101 82 120
061 POLIWHIRL 1419 130 123 163
062 POLIWRATH 2586 182 184 207
063 ABRA 1342 195 82 93
064 KADABRA 2059 232 117 120
065 ALAKAZAM 3057 271 167 146
066 MACHOP 1278 137 82 172
067 MACHOKE 2031 177 125 190
068 MACHAMP 3056 234 159 207
069 BELLSPROUT 1033 139 61 137
070 WEEPINBELL 1611 172 92 163
071 VICTREEBEL 2431 207 135 190
072 TENTACOOL 1040 97 149 120
073 TENTACRUEL 2422 166 209 190
074 GEODUDE 1293 132 132 120
075 GRAVELER 1897 164 164 146
076 GOLEM 2949 211 198 190
077 PONYTA 1697 170 127 137
078 RAPIDASH 2461 207 162 163
079 SLOWPOKE 1226 109 98 207
080 SLOWBRO 2545 177 180 216
081 MAGNEMITE 1362 165 121 93
082 MAGNETON 2485 223 169 137
083 FARFETCHD 1236 124 115 141
084 DODUO 1200 158 83 111
085 DODRIO 2362 218 140 155
086 SEEL 971 85 121 163
087 DEWGONG 1985 139 177 207
088 GRIMER 1374 135 90 190
089 MUK 2757 190 172 233
090 SHELLDER 1080 116 134 102
091 CLOYSTER 2547 186 256 137
092 GASTLY 1229 186 67 102
093 HAUNTER 1963 223 107 128
094 GENGAR 2878 261 149 155
095 ONIX 1101 85 232 111
096 DROWZEE 1040 89 136 155
097 HYPNO 2090 144 193 198
098 KRABBY 1561 181 124 102
099 KINGLER 2829 240 181 146
100 VOLTORB 1010 109 111 120
101 ELECTRODE 2099 173 173 155
102 EXEGGCUTE 1175 107 125 155
103 EXEGGUTOR 3014 233 149 216
104 CUBONE 1019 90 144 137
105 MAROWAK 1835 144 186 155
106 HITMONLEE 2576 224 181 137
107 HITMONCHAN 2332 193 197 137
108 LICKITUNG 1411 108 137 207
109 KOFFING 1214 119 141 120
110 WEEZING 2293 174 197 163
111 RHYHORN 1651 140 127 190
112 RHYDON 3179 222 171 233
113 CHANSEY 1255 60 128 487
114 TANGELA 2238 183 169 163
115 KANGASKHAN 2586 181 165 233
116 HORSEA 1056 129 103 102
117 SEADRA 2093 187 156 146
118 GOLDEEN 1152 123 110 128
119 SEAKING 2162 175 147 190
120 STARYU 1157 137 112 102
121 STARMIE 2584 210 184 155
122 MR MIME 2228 192 205 120
123 SCYTHER 2706 218 170 172
124 JYNX 2555 223 151 163
125 ELECTABUZZ 2334 198 158 163
126 MAGMAR 2394 206 154 163
127 PINSIR 2959 238 182 163
128 TAUROS 2620 198 183 181
129 MAGIKARP 274 29 85 85
130 GYARADOS 3391 237 186 216
131 LAPRAS 2641 165 174 277
132 DITTO 832 91 91 134
133 EEVEE 1071 104 114 146
134 VAPOREON 3114 205 161 277
135 JOLTEON 2888 232 182 163
136 FLAREON 3029 246 179 163
137 PORYGON 1720 153 136 163
138 OMANYTE 1544 155 153 111
139 OMASTAR 2786 207 201 172
140 KABUTO 1370 148 140 102
141 KABUTOPS 2713 220 186 155
142 AERODACTYL 2783 221 159 190
143 SNORLAX 3225 190 169 330
144 ARTICUNO 3051 192 236 207
145 ZAPDOS 3527 253 185 207
146 MOLTRES 3465 251 181 207
147 DRATINI 1004 119 91 121
148 AIR 1780 163 135 156
149 ITE 3792 263 198 209
150 MEWTWO 4178 300 182 214
150 ARMORED MEWTWO 3187 182 278 214
151 MEW 3265 210 210 225
152 CHIKORITA 935 92 122 128
153 BAYLEEF 1454 122 155 155
154 MEGANIUM 2410 168 202 190
155 CYNDAQUIL 980 116 93 118
156 QUILAVA 1653 158 126 151
157 TYPHLOSION 2889 223 173 186
158 TOTODILE 1131 117 109 137
159 CROCONAW 1722 150 142 163
160 FERALIGATR 2857 205 188 198
161 SENTRET 618 79 73 111
162 FURRET 1758 148 125 198
163 HOOTHOOT 677 67 88 155
164 NOCTOWL 2024 145 156 225
165 LEDYBA 728 72 118 120
166 LEDIAN 1346 107 179 146
167 SPINARAK 816 105 73 120
168 ARIADOS 1772 161 124 172
169 CROBAT 2646 194 178 198
170 CHINCHOU 1119 106 97 181
171 LANTURN 2085 146 137 268
172 PICHU 473 77 53 85
173 CLEFFA 671 75 79 137
174 IGGLYBUFF 535 69 32 207
175 TOGEPI 657 67 116 111
176 TOGETIC 1708 139 181 146
177 NATU 1102 134 89 120
178 XATU 2188 192 146 163
179 MAREEP 991 114 79 146
180 FLAAFFY 1521 145 109 172
181 AMPHAROS 2852 211 169 207
182 BELLOSSOM 2281 169 186 181
183 MARILL 461 37 93 172
184 AZUMARILL 1588 112 152 225
185 SUDOWOODO 2148 167 176 172
186 POLITOED 2449 174 179 207
187 HOPPIP 600 67 94 111
188 SKIPLOOM 976 91 120 146
189 JUMPLUFF 1636 118 183 181
190 AIPOM 1348 136 112 146
191 SUNKERN 395 55 55 102
192 SUNFLORA 2141 185 135 181
193 YANMA 1470 154 94 163
194 WOOPER 641 75 66 146
195 QUAGSIRE 1992 152 143 216
196 ESPEON 3170 261 175 163
197 UMBREON 2137 126 240 216
198 MURKROW 1562 175 87 155
199 SLOWKING 2545 177 180 216
200 MISDREAVUS 1926 167 154 155
201 UNOWN 1185 136 91 134
202 WOBBUFFET 1026 60 106 382
203 GIRAFARIG 2046 182 133 172
204 PINECO 1108 108 122 137
205 FORRETRESS 2282 161 205 181
206 DUNSPARCE 1689 131 128 225
207 GLIGAR 1857 143 184 163
208 IX 2414 148 272 181
209 SNUBBULL 1237 137 85 155
210 GRANBULL 2552 212 131 207
211 QWILFISH 2051 184 138 163
212 SCIZOR 3001 236 181 172
213 SHUCKLE 405 17 396 85
214 HERACROSS 3101 234 179 190
215 SNEASEL 2051 189 146 146
216 TEDDIURSA 1328 142 93 155
217 URSARING 2945 236 144 207
218 SLUGMA 895 118 71 120
219 MAGCARGO 1702 139 191 137
220 SWINUB 741 90 69 137
221 PILOSWINE 2345 181 138 225
222 CORSOLA 1378 118 156 146
223 REMORAID 912 127 69 111
224 OCTILLERY 2315 197 141 181
225 DELIBIRD 1094 128 90 128
226 MANTINE 2108 148 226 163
227 SKARMORY 2108 148 226 163
228 HOUNDOUR 1234 152 83 128
229 HOUNDOOM 2635 224 144 181
230 KINGDRA 2641 194 194 181
231 PHANPY 1206 107 98 207
232 DONPHAN 3013 214 185 207
233 PORYGON2 2711 198 180 198
234 STANTLER 2164 192 131 177
235 SMEARGLE 431 40 83 146
236 TYROGUE 492 64 64 111
237 HITMONTOP 2156 173 207 137
238 SMOOCHUM 1291 153 91 128
239 ELEKID 1206 135 101 128
240 MAGBY 1323 151 99 128
241 MILTANK 2354 157 193 216
242 BLISSEY 2757 129 169 496
243 RAIKOU 3452 241 195 207
244 ENTEI 3473 235 171 251
245 SUICUNE 2983 180 235 225
246 LARVITAR 1040 115 93 137
247 PUPITAR 1766 155 133 172
248 TYRANITAR 3834 251 207 225
249 LUGIA 3703 193 310 235
250 HO OH 3863 239 244 214
251 CELEBI 3265 210 210 225
252 TREECKO 1053 124 94 120
253 GROVYLE 1673 172 120 137
254 SCEPTILE 2757 223 169 172
255 TORCHIC 1093 130 87 128
256 COMBUSKEN 1652 163 115 155
257 BLAZIKEN 2848 240 141 190
258 MUDKIP 1128 126 93 137
259 MARSHTOMP 1776 156 133 172
260 SWAMPERT 2974 208 175 225
261 POOCHYENA 678 96 61 111
262 MIGHTYENA 1926 171 132 172
263 ZIGZAGOON 508 58 80 116
264 LINOONE 1662 142 128 186
265 WURMPLE 578 75 59 128
266 SILCOON 553 60 77 137
267 BEAUTIFLY 1765 189 98 155
268 CASCOON 553 60 77 137
269 DUSTOX 1224 98 162 155
270 LOTAD 598 71 77 120
271 LOMBRE 1197 112 119 155
272 LUDICOLO 2323 173 176 190
273 SEEDOT 598 71 77 120
274 NUZLEAF 1227 134 78 172
275 SHIFTRY 2333 200 121 207
276 TAILLOW 765 106 61 120
277 SWELLOW 1920 185 124 155
278 WINGULL 765 106 61 120
279 PELIPPER 2127 175 174 155
280 RALTS 539 79 59 99
281 KIRLIA 966 117 90 116
282 GARDEVOIR 3093 237 195 169
283 SURSKIT 791 93 87 120
284 MASQUERAIN 2270 192 150 172
285 SHROOMISH 810 74 110 155
286 BRELOOM 2628 241 144 155
287 SLAKOTH 1002 104 92 155
288 VIGOROTH 1968 159 145 190
289 SLAKING 4431 290 166 284
290 NINCADA 768 80 126 104
291 NINJASK 1969 199 112 156
292 SHEDINJA 393 153 73 1
293 WHISMUR 671 92 42 162
294 LOUDRED 1327 134 81 197
295 EXPLOUD 2347 179 137 232
296 MAKUHITA 817 99 54 176
297 HARIYAMA 2829 209 114 302
298 AZURILL 364 36 71 137
299 NOSEPASS 993 82 215 102
300 SKITTY 739 84 79 137
301 DELCATTY 1496 132 127 172
302 SABLEYE 1476 141 136 137
303 MAWILE 1634 155 141 137
304 ARON 1307 121 141 137
305 LAIRON 2056 158 198 155
306 AGGRON 3000 198 257 172
307 MEDITITE 693 78 107 102
308 MEDICHAM 1431 121 152 155
309 ELECTRIKE 965 123 78 120
310 MANECTRIC 2340 215 127 172
311 PLUSLE 1778 167 129 155
312 MINUN 1694 147 150 155
313 VOLBEAT 1771 143 166 163
314 ILLUMISE 1771 143 166 163
315 ROSELIA 1870 186 131 137
316 GULPIN 866 80 99 172
317 SWALOT 1978 140 159 225
318 CARVANHA 1020 171 39 128
319 SHARPEDO 2181 243 83 172
320 WAILMER 1468 136 68 277
321 WAILORD 2280 175 87 347
322 NUMEL 1057 119 79 155
323 CAMERUPT 2193 194 136 172
324 TORKOAL 2093 151 203 172
325 SPOINK 1334 125 122 155
326 GRUMPIG 2369 171 188 190
327 SPINDA 1220 116 116 155
328 TRAPINCH 1274 162 78 128
329 VIBRAVA 1225 134 99 137
330 FLYGON 2661 205 168 190
331 CACNEA 1242 156 74 137
332 CACTURNE 2298 221 115 172
333 SWABLU 824 76 132 128
334 ALTARIA 2004 141 201 181
335 ZANGOOSE 2418 222 124 177
336 SEVIPER 2105 196 118 177
337 LUNATONE 2327 178 153 207
338 SOL 2327 178 153 207
339 BARBOACH 819 93 82 137
340 WHISCASH 2075 151 141 242
341 CORPHISH 1230 141 99 125
342 CRAWDAUNT 2474 224 142 160
343 BALTOY 787 77 124 120
344 CLAYDOL 1971 140 229 155
345 LILEEP 1291 105 150 165
346 CRADILY 2211 152 194 200
347 ANORITH 1529 176 100 128
348 ARMALDO 2848 222 174 181
349 FEEBAS 274 29 85 85
350 MILOTIC 3005 192 219 216
351 CASTFORM 1632 139 139 172
353 SHUPPET 1018 138 65 127
354 BANETTE 2298 218 126 162
355 DUSKULL 706 70 162 85
356 DUSCLOPS 1591 124 234 120
357 TROPIUS 1941 136 163 223
358 CHIMECHO 2259 175 170 181
359 ABSOL 2526 246 120 163
360 WYNAUT 534 41 86 216
361 SNORUNT 888 95 95 137
362 GLALIE 2105 162 162 190
363 SPHEAL 962 95 90 172
364 SEALEO 1714 137 132 207
365 WALREIN 2726 182 176 242
366 CLAMPERL 1270 133 135 111
367 HUNTAIL 2340 197 179 146
368 GOREBYSS 2494 211 179 146
369 RELICANTH 2528 162 203 225
370 LUVDISC 848 81 128 125
371 BAGON 1156 134 93 128
372 SHELGON 2031 172 155 163
373 SALAMENCE 3749 277 168 216
374 BELDUM 976 96 132 120
375 METANG 1721 138 176 155
376 METAGROSS 3791 257 228 190
377 REGI 3122 179 309 190
378 REG 3122 179 309 190
379 REGI 2447 143 285 190
380 LATIAS 3510 228 246 190
381 LATIOS 3812 268 212 190
382 KYOGRE 4115 270 228 205
383 GROUDON 4115 270 228 205
384 RAYQUAZA 3835 284 170 213
385 JIRACHI 3265 210 210 225
386 DEOXYS 3160 345 115 137
386 DEOXYS ATTACK 2580 414 46 137
386 DEOXYS DEFENSE 2274 144 330 137
386 DEOXYS SPEED 2879 230 218 137
387 TURTWIG 1187 119 110 146
388 GROTLE 1890 157 143 181
389 TORTERRA 2934 202 188 216
390 CHIMCHAR 957 113 86 127
391 MONFERNO 1574 158 105 162
392 INFERNAPE 2683 222 151 183
393 PIPLUP 1075 112 102 142
394 PRINPLUP 1701 150 139 162
395 EMPOLEON 2900 210 186 197
396 STARLY 719 101 58 120
397 STARAVIA 1299 142 94 146
398 STARAPTOR 2825 234 140 198
399 BIDOOF 721 80 73 153
400 BIBAREL 1823 162 119 188
401 KRICKETOT 401 45 74 114
402 KRICKETUNE 1653 160 100 184
403 SHINX 876 117 64 128
404 LUXIO 1486 159 95 155
405 LUXRAY 2888 232 156 190
406 BUDEW 856 91 109 120
407 ROSERADE 2971 243 185 155
408 CRANIDOS 1820 218 71 167
409 RAMPARDOS 3298 295 109 219
410 SHIELDON 890 76 195 102
411 BASTIODON 1539 94 286 155
412 BURMY PLANT 488 53 83 120
412 BURMY SANDY 488 53 83 120
412 BURMY TRASH 488 53 83 120
413 WORMADAM PLANT 1773 141 180 155
413 WORMADAM SANDY 1773 141 180 155
413 WORMADAM TRASH 1593 127 175 155
414 MOTHIM 1815 185 98 172
415 COMBEE 494 59 83 102
416 VESPIQUEN 2005 149 190 172
417 PACHIRISU 1213 94 172 155
418 BUIZEL 1054 132 67 146
419 FLOATZEL 2443 221 114 198
420 CHERUBI 950 108 92 128
421 CHERRIM 2048 170 153 172
422 SHELLOS 1136 103 105 183
423 GASTRODON 2324 169 143 244
424 AMBIPOM 2418 205 143 181
425 DRIFLOON 1197 117 80 207
426 DRIFBLIM 2382 180 102 312
427 BUNEARY 1258 130 105 146
428 LOPUNNY 2059 156 194 163
429 MISMAGIUS 2615 211 187 155
430 HONCHKROW 2711 243 103 225
431 GLAMEOW 934 109 82 135
432 PURUGLY 1953 172 133 174
433 CHINGLING 1005 114 94 128
434 STUNKY 1151 121 90 160
435 SKUNTANK 2358 184 132 230
436 BRONZOR 603 43 154 149
437 BRONZONG 2239 161 213 167
438 BONSLY 1302 124 133 137
440 HAPPINY 371 25 77 225
441 CHATOT 1791 183 91 183
442 SPIRITOMB 2072 169 199 137
443 GIBLE 1112 124 84 151
444 GABITE 1874 172 125 169
445 GARCHOMP 3962 261 193 239
446 MUNCHLAX 1892 137 117 286
447 RIOLU 993 127 78 120
448 LUCARIO 2703 236 144 172
449 HIPPOPOTAS 1358 124 118 169
450 HIPPOWDON 3085 201 191 239
451 SKORUPI 1009 93 151 120
452 DRAPION 2453 180 202 172
453 CROAGUNK 952 116 76 134
454 TOXICROAK 2488 211 133 195
455 CARNIVINE 2159 187 136 179
456 FINNEON 971 96 116 135
457 LUMINEON 1814 142 170 170
458 MANTYKE 1248 105 179 128
459 SNOVER 1159 115 105 155
460 ABOMASNOW 2362 178 158 207
461 WEAVILE 3005 243 171 172
462 MAGNEZONE 3205 238 205 172
463 LICKILICKY 2467 161 181 242
464 RHYPERIOR 3733 241 190 251
465 TANGROWTH 3030 207 184 225
466 ELECTIVIRE 3079 249 163 181
467 MAGMORTAR 3132 247 172 181
468 TOGEKISS 3332 225 217 198
469 YANMEGA 2946 231 156 200
470 LEAFEON 2944 216 219 163
471 GLACEON 3126 238 205 163
472 GLISCOR 2692 185 222 181
473 MAMOSWINE 3328 247 146 242
474 PORYGON Z 3266 264 150 198
475 GALLADE 3093 237 195 169
476 PROBOPASS 2080 135 275 155
477 DUSKNOIR 2388 180 254 128
478 FROSLASS 2040 171 150 172
480 UXIE 2524 156 270 181
481 MESPRIT 3058 212 212 190
482 AZELF 3210 270 151 181
483 DIALGA 4038 275 211 205
484 PALKIA 3991 280 215 189
485 HEATRAN 3754 251 213 209
487 GIRATINA ALTERED 3379 187 225 284
487 GIRATINA ORIGIN 3683 225 187 284
488 CRESSELIA 2857 152 258 260
019 ALOLAN RATTATA 734 103 70 102
020 ALOLAN RATICATE 1705 135 154 181
026 ALOLAN RAICHU 2286 201 154 155
027 ALOLAN SANDSHREW 1293 125 129 137
028 ALOLAN SANDSLASH 2432 177 195 181
037 ALOLAN VULPIX 883 96 109 116
038 ALOLAN NINETALES 2309 170 193 177
050 ALOLAN DIGLETT 681 108 81 67
051 ALOLAN DUGTRIO 1897 201 142 111
052 ALOLAN MEOWTH 797 99 78 120
053 ALOLAN PERSIAN 1771 158 136 163
074 ALOLAN GEODUDE 1293 132 132 120
075 ALOLAN GRAVELER 1897 164 164 146
076 ALOLAN GOLEM 2949 211 198 190
088 ALOLAN GRIMER 1374 135 90 190
089 ALOLAN MUK 2757 190 172 233
103 ALOLAN EXEGGUTOR 3014 230 153 216
105 ALOLAN MAROWAK 1835 144 186 155
808 MELTAN 1068 118 99 130
809 MELMETAL 3599 226 190 264